function q_vec = compute_q_vec(t,in2,in3,in4,t_wp)
%COMPUTE_Q_VEC
%    Q_VEC = COMPUTE_Q_VEC(T,IN2,IN3,IN4,T_WP)

%    This function was generated by the Symbolic Math Toolbox version 8.1.
%    30-Oct-2018 23:58:46

dp = in2(11,:);
dr = in2(10,:);
dx = in2(7,:);
dy = in2(8,:);
dyaw = in2(12,:);
dz = in2(9,:);
p = in2(5,:);
r = in2(4,:);
x = in2(1,:);
x_wp_1 = in4(1,:);
x_wp_2 = in4(2,:);
x_wp_3 = in4(3,:);
x_wp_4 = in4(4,:);
x_wp_5 = in4(5,:);
x_wp_6 = in4(6,:);
x_wp_7 = in4(7,:);
x_wp_8 = in4(8,:);
x_wp_9 = in4(9,:);
x_wp_10 = in4(10,:);
x_wp_11 = in4(11,:);
x_wp_12 = in4(12,:);
y = in2(2,:);
yaw = in2(6,:);
z = in2(3,:);
t2 = t-t_wp;
t3 = t2.^2;
t5 = t3.*1.0e2;
t4 = exp(-t5);
q_vec = [x.*2.0+t4.*(x.*1.128379167095513e4-x_wp_1.*1.128379167095513e4);y.*2.0-t4.*(x_wp_2.*1.128379167095513e4-y.*1.128379167095513e4);z.*2.0-t4.*(x_wp_3.*1.128379167095513e4-z.*1.128379167095513e4);r.*2.0+t4.*(r.*1.128379167095513e4-x_wp_4.*1.128379167095513e4);p.*2.0+t4.*(p.*1.128379167095513e4-x_wp_5.*1.128379167095513e4);yaw.*2.0-t4.*(x_wp_6.*1.128379167095513e4-yaw.*1.128379167095513e4);dx.*2.0+t4.*(dx.*1.128379167095513e4-x_wp_7.*1.128379167095513e4);dy.*2.0+t4.*(dy.*1.128379167095513e4-x_wp_8.*1.128379167095513e4);dz.*2.0+t4.*(dz.*1.128379167095513e4-x_wp_9.*1.128379167095513e4);dr.*2.0+t4.*(dr.*1.128379167095513e4-x_wp_10.*1.128379167095513e4);dp.*2.0+t4.*(dp.*1.128379167095513e4-x_wp_11.*1.128379167095513e4);dyaw.*2.0+t4.*(dyaw.*1.128379167095513e4-x_wp_12.*1.128379167095513e4)];
