function q_vec = compute_q_vec(t,in2,in3,in4,in5,in6,t_wp)
%COMPUTE_Q_VEC
%    Q_VEC = COMPUTE_Q_VEC(T,IN2,IN3,IN4,IN5,IN6,T_WP)

%    This function was generated by the Symbolic Math Toolbox version 8.1.
%    07-Nov-2018 15:36:02

dphi = in2(10,:);
dpsi = in2(12,:);
dtheta = in2(11,:);
dx = in2(7,:);
dxb = in4(7,:);
dy = in2(8,:);
dyb = in4(8,:);
dz = in2(9,:);
dzb = in4(9,:);
phi = in2(4,:);
psi = in2(6,:);
theta = in2(5,:);
x = in2(1,:);
x_wp_1 = in6(1,:);
x_wp_2 = in6(2,:);
x_wp_3 = in6(3,:);
x_wp_7 = in6(7,:);
x_wp_8 = in6(8,:);
x_wp_9 = in6(9,:);
xb = in4(1,:);
y = in2(2,:);
yb = in4(2,:);
z = in2(3,:);
zb = in4(3,:);
t2 = t-t_wp;
t3 = t2.^2;
t5 = t3.*1.0e2;
t4 = exp(-t5);
q_vec = [x.*2.0-xb.*2.0+t4.*(x.*1.128379167095513e4-x_wp_1.*1.128379167095513e4);y.*2.0-yb.*2.0-t4.*(x_wp_2.*1.128379167095513e4-y.*1.128379167095513e4);z.*2.0-zb.*2.0-t4.*(x_wp_3.*1.128379167095513e4-z.*1.128379167095513e4);phi.*(1.0./5.0e1);theta.*(1.0./5.0e1);psi.*(1.0./5.0e1);dx.*2.0-dxb.*2.0+t4.*(dx.*1.128379167095513e4-x_wp_7.*1.128379167095513e4);dy.*2.0-dyb.*2.0+t4.*(dy.*1.128379167095513e4-x_wp_8.*1.128379167095513e4);dz.*2.0-dzb.*2.0+t4.*(dz.*1.128379167095513e4-x_wp_9.*1.128379167095513e4);dphi.*(1.0./5.0e1);dtheta.*(1.0./5.0e1);dpsi.*(1.0./5.0e1)];
