function q_vec = compute_q_vec(t,in2,in3,in4,t_wp)
%COMPUTE_Q_VEC
%    Q_VEC = COMPUTE_Q_VEC(T,IN2,IN3,IN4,T_WP)

%    This function was generated by the Symbolic Math Toolbox version 8.1.
%    05-Nov-2018 16:34:04

dphi = in2(10,:);
dpsi = in2(12,:);
dtheta = in2(11,:);
dx = in2(7,:);
dy = in2(8,:);
dz = in2(9,:);
phi = in2(4,:);
psi = in2(6,:);
theta = in2(5,:);
x = in2(1,:);
x_wp_1 = in4(1,:);
x_wp_2 = in4(2,:);
x_wp_3 = in4(3,:);
x_wp_7 = in4(7,:);
x_wp_8 = in4(8,:);
x_wp_9 = in4(9,:);
y = in2(2,:);
z = in2(3,:);
t2 = t-t_wp;
t3 = t2.^2;
t5 = t3.*1.0e2;
t4 = exp(-t5);
q_vec = [x.*2.0+t4.*(x.*1.128379167095513e8-x_wp_1.*1.128379167095513e8);y.*2.0-t4.*(x_wp_2.*1.128379167095513e8-y.*1.128379167095513e8);z.*2.0-t4.*(x_wp_3.*1.128379167095513e8-z.*1.128379167095513e8);phi.*2.0;theta.*2.0;psi.*2.0;dx.*2.0+t4.*(dx.*1.128379167095513e8-x_wp_7.*1.128379167095513e8);dy.*2.0+t4.*(dy.*1.128379167095513e8-x_wp_8.*1.128379167095513e8);dz.*2.0+t4.*(dz.*1.128379167095513e8-x_wp_9.*1.128379167095513e8);dphi.*2.0;dtheta.*2.0;dpsi.*2.0];
