function q_vec = compute_q_vec(t,in2,in3,in4,in5,in6,t_wp)
%COMPUTE_Q_VEC
%    Q_VEC = COMPUTE_Q_VEC(T,IN2,IN3,IN4,IN5,IN6,T_WP)

%    This function was generated by the Symbolic Math Toolbox version 8.1.
%    07-Nov-2018 09:38:17

dp = in2(11,:);
dpb = in4(11,:);
dr = in2(10,:);
drb = in4(10,:);
dx = in2(7,:);
dxb = in4(7,:);
dy = in2(8,:);
dyaw = in2(12,:);
dyb = in4(8,:);
dz = in2(9,:);
dzb = in4(9,:);
p = in2(5,:);
pb = in4(5,:);
r = in2(4,:);
rb = in4(4,:);
x = in2(1,:);
x_wp_1 = in6(1,:);
x_wp_2 = in6(2,:);
x_wp_3 = in6(3,:);
x_wp_4 = in6(4,:);
x_wp_5 = in6(5,:);
x_wp_6 = in6(6,:);
x_wp_7 = in6(7,:);
x_wp_8 = in6(8,:);
x_wp_9 = in6(9,:);
x_wp_10 = in6(10,:);
x_wp_11 = in6(11,:);
x_wp_12 = in6(12,:);
xb = in4(1,:);
y = in2(2,:);
yaw = in2(6,:);
yawb = in4(6,:);
yb = in4(2,:);
z = in2(3,:);
zb = in4(3,:);
t2 = t-t_wp;
t3 = t2.^2;
t5 = t3.*1.0e2;
t4 = exp(-t5);
q_vec = [x.*2.0-xb.*2.0+t4.*(x.*1.128379167095513e4-x_wp_1.*1.128379167095513e4);y.*2.0-yb.*2.0-t4.*(x_wp_2.*1.128379167095513e4-y.*1.128379167095513e4);z.*2.0-zb.*2.0-t4.*(x_wp_3.*1.128379167095513e4-z.*1.128379167095513e4);r.*2.0-rb.*2.0+t4.*(r.*1.128379167095513e4-x_wp_4.*1.128379167095513e4);p.*2.0-pb.*2.0+t4.*(p.*1.128379167095513e4-x_wp_5.*1.128379167095513e4);yaw.*2.0-yawb.*2.0-t4.*(x_wp_6.*1.128379167095513e4-yaw.*1.128379167095513e4);dx.*2.0-dxb.*2.0+t4.*(dx.*1.128379167095513e4-x_wp_7.*1.128379167095513e4);dy.*2.0-dyb.*2.0+t4.*(dy.*1.128379167095513e4-x_wp_8.*1.128379167095513e4);dz.*2.0-dzb.*2.0+t4.*(dz.*1.128379167095513e4-x_wp_9.*1.128379167095513e4);dr.*2.0-drb.*2.0+t4.*(dr.*1.128379167095513e4-x_wp_10.*1.128379167095513e4);dp.*2.0-dpb.*2.0+t4.*(dp.*1.128379167095513e4-x_wp_11.*1.128379167095513e4);t4.*(dyaw.*1.128379167095513e4-x_wp_12.*1.128379167095513e4)];
